8315
 2979012
 2979709
 2980406
 2981103
 2981800
 2982497
 2983194
 2983891
 2984588
 2985285
 2985982
 2986679
 2987376
 2988073
 2988770
 2989467
 2990164
 2990861
 2991558
 2992255
 2992952
 2993649
 2994346
 2995043
 2995740
 2996437
 2997134
 2997831
 2998528
 2999225
 2999922
 3000619
 3001316
 3002013
 3002710
 3003407
 3004104
 3004801
 3005498
 3006195
 3006892
 3007589
 3008286
 3008983
 3009680
 3010377
 3011074
 3011771
 3012468
 3013165
 3013862
 3014559
 3015256
 3015953
 3016650
 3017347
 3018044
 3018741
 3019438
 3020135
 3020832
 3021529
 3022226
 3022923
 3023620
 3024317
 3025014
 3025711
 3026408
 3027105
 3027802
 3028499
 3029196
 3029893
 3030590
 3031287
 3031984
 3032681
 3033378
 3034075
 3034772
 3035469
 3036166
 3036863
 3037560
 3038257
 3038954
 3039651
 3040348
 3041045
 3041742
 3042439
 3043136
 3043833
 3044530
 3045227
 3045924
 3046621
 3047318
 3048015
 3048712
 3049409
 3050106
 3050803
 3051500
 3052197
 3052894
 3053591
 3054288
 3054985
 3055682
 3056379
 3057076
 3057773
 3058470
 3059167
 3059864
 3060561
 3061258
 3061955
 3062652
 3063349
 3064046
 3064743
 3065440
 3066137
 3066834
 3067531
 3068228
 3068925
 3069622
 3070319
 3071016
 3071713
 3072410
 3073107
 3073804
 3074501
 3075198
 3075895
 3076592
 3077289
 3077986
 3078683
 3079380
 3080077
 3080774
 3081471
 3082168
 3082865
 3083562
 3084259
 3084956
 3085653
 3086350
 3087047
 3087744
 3088441
 3089138
 3089835
 3090532
 3091229
 3091926
 3092623
 3093320
 3094017
 3094714
 3095411
 3096108
 3096805
 3097502
 3098199
 3098896
 3099593
 3100290
 3100987
 3101684
 3102381
 3103078
 3103775
 3104472
 3105169
 3105866
 3106563
 3107260
 3107957
 3108654
 3109351
 3110048
 3110745
 3111442
 3112139
 3112836
 3113533
 3114230
 3114927
 3115624
 3116321
 3117018
 3117715
 3118412
 3119109
 3119806
 3120503
 3121200
 3121897
 3122594
 3123291
 3123988
 3124685
 3125382
 3126079
 3126776
 3127473
 3128170
 3128867
 3129564
 3130261
 3130958
 3131655
 3132352
 3133049
 3133746
 3134443
 3135140
 3135837
 3136534
 3137231
 3137928
 3138625
 3139322
 3140019
 3140716
 3141413
 3142110
 3142807
 3143504
 3144201
 3144898
 3145595
 3146292
 3146989
 3147686
 3148383
 3149080
 3149777
 3150474
 3151171
 3151868
 3152565
 3153262
 3153959
 3154656
 3155353
 3156050
 3156747
 3157444
 3158141
 3158838
 3159535
 3160232
 3160929
 3161626
 3162323
 3163020
 3163717
 3164414
 3165111
 3165808
 3166505
 3167202
 3167899
 3168596
 3169293
 3169990
 3170687
 3171384
 3172081
 3172778
 3173475
 3174172
 3174869
 3175566
 3176263
 3176960
 3177657
 3178354
 3179051
 3179748
 3180445
 3181142
 3181839
 3182536
 3183233
 3183930
 3184627
 3185324
 3186021
 3186718
 3187415
 3188112
 3188809
 3189506
 3190203
 3190900
 3191597
 3192294
 3192991
 3193688
 3194385
 3195082
 3195779
 3196476
 3197173
 3197870
 3198567
 3199264
 3199961
 3200658
 3201355
 3202052
 3202749
 3203446
 3204143
 3204840
 3205537
 3206234
 3206931
 3207628
 3208325
 3209022
 3209719
 3210416
 3211113
 3211810
 3212507
 3213204
 3213901
 3214598
 3215295
 3215992
 3216689
 3217386
 3218083
 3218780
 3219477
 3220174
 3220871
 3221568
 3222265
 3222962
 3223659
 3224356
 3225053
 3225750
 3226447
 3227144
 3227841
 3228538
 3229235
 3229932
 3230629
 3231326
 3232023
 3232720
 3233417
 3234114
 3234811
 3235508
 3236205
 3236902
 3237599
 3238296
 3238993
 3239690
 3240387
 3241084
 3241781
 3242478
 3243175
 3243872
 3244569
 3245266
 3245963
 3246660
 3247357
 3248054
 3248751
 3249448
 3250145
 3250842
 3251539
 3252236
 3252933
 3253630
 3254327
 3255024
 3255721
 3256418
 3257115
 3257812
 3258509
 3259206
 3259903
 3260600
 3261297
 3261994
 3262691
 3263388
 3264085
 3264782
 3265479
 3266176
 3266873
 3267570
 3268267
 3268964
 3269661
 3270358
 3271055
 3271752
 3272449
 3273146
 3273843
 3274540
 3275237
 3275934
 3276631
 3277328
 3278025
 3278722
 3279419
 3280116
 3280813
 3281510
 3282207
 3282904
 3283601
 3284298
 3284995
 3285692
 3286389
 3287086
 3287783
 3288480
 3289177
 3289874
 3290571
 3291268
 3291965
 3292662
 3293359
 3294056
 3294753
 3295450
 3296147
 3296844
 3297541
 3298238
 3298935
 3299632
 3300329
 3301026
 3301723
 3302420
 3303117
 3303814
 3304511
 3305208
 3305905
 3306602
 3307299
 3307996
 3308693
 3309390
 3310087
 3310784
 3311481
 3312178
 3312875
 3313572
 3314269
 3314966
 3315663
 3316360
 3317057
 3317754
 3318451
 3319148
 3319845
 3320542
 3321239
 3321936
 3322633
 3323330
 3324027
 3324724
 3325421
 3326118
 3326815
 3327512
 3328209
 3328906
 3329603
 3330300
 3330997
 3331694
 3332391
 3333088
 3333785
 3334482
 3335179
 3335876
 3336573
 3337270
 3337967
 3338664
 3339361
 3340058
 3340755
 3341452
 3342149
 3342846
 3343543
 3344240
 3344937
 3345634
 3346331
 3347028
 3347725
 3348422
 3349119
 3349816
 3350513
 3351210
 3351907
 3352604
 3353301
 3353998
 3354695
 3355392
 3356089
 3356786
 3357483
 3358180
 3358877
 3359574
 3360271
 3360968
 3361665
 3362362
 3363059
 3363756
 3364453
 3365150
 3365847
 3366544
 3367241
 3367938
 3368635
 3369332
 3370029
 3370726
 3371423
 3372120
 3372817
 3373514
 3374211
 3374908
 3375605
 3376302
 3376999
 3377696
 3378393
 3379090
 3379787
 3380484
 3381181
 3381878
 3382575
 3383272
 3383969
 3384666
 3385363
 3386060
 3386757
 3387454
 3388151
 3388848
 3389545
 3390242
 3390939
 3391636
 3392333
 3393030
 3393727
 3394424
 3395121
 3395818
 3396515
 3397212
 3397909
 3398606
 3399303
 3400000
 3400697
 3401394
 3402091
 3402788
 3403485
 3404182
 3404879
 3405576
 3406273
 3406970
 3407667
 3408364
 3409061
 3409758
 3410455
 3411152
 3411849
 3412546
 3413243
 3413940
 3414637
 3415334
 3416031
 3416728
 3417425
 3418122
 3418819
 3419516
 3420213
 3420910
 3421607
 3422304
 3423001
 3423698
 3424395
 3425092
 3425789
 3426486
 3427183
 3427880
 3428577
 3429274
 3429971
 3430668
 3431365
 3432062
 3432759
 3433456
 3434153
 3434850
 3435547
 3436244
 3436941
 3437638
 3438335
 3439032
 3439729
 3440426
 3441123
 3441820
 3442517
 3443214
 3443911
 3444608
 3445305
 3446002
 3446699
 3447396
 3448093
 3448790
 3449487
 3450184
 3450881
 3451578
 3452275
 3452972
 3453669
 3454366
 3455063
 3455760
 3456457
 3457154
 3457851
 3458548
 3459245
 3459942
 3460639
 3461336
 3462033
 3462730
 3463427
 3464124
 3464821
 3465518
 3466215
 3466912
 3467609
 3468306
 3469003
 3469700
 3470397
 3471094
 3471791
 3472488
 3473185
 3473882
 3474579
 3475276
 3475973
 3476670
 3477367
 3478064
 3478761
 3479458
 3480155
 3480852
 3481549
 3482246
 3482943
 3483640
 3484337
 3485034
 3485731
 3486428
 3487125
 3487822
 3488519
 3489216
 3489913
 3490610
 3491307
 3492004
 3492701
 3493398
 3494095
 3494792
 3495489
 3496186
 3496883
 3497580
 3498277
 3498974
 3499671
 3500368
 3501065
 3501762
 3502459
 3503156
 3503853
 3504550
 3505247
 3505944
 3506641
 3507338
 3508035
 3508732
 3509429
 3510126
 3510823
 3511520
 3512217
 3512914
 3513611
 3514308
 3515005
 3515702
 3516399
 3517096
 3517793
 3518490
 3519187
 3519884
 3520581
 3521278
 3521975
 3522672
 3523369
 3524066
 3524763
 3525460
 3526157
 3526854
 3527551
 3528248
 3528945
 3529642
 3530339
 3531036
 3531733
 3532430
 3533127
 3533824
 3534521
 3535218
 3535915
 3536612
 3537309
 3538006
 3538703
 3539400
 3540097
 3540794
 3541491
 3542188
 3542885
 3543582
 3544279
 3544976
 3545673
 3546370
 3547067
 3547764
 3548461
 3549158
 3549855
 3550552
 3551249
 3551946
 3552643
 3553340
 3554037
 3554734
 3555431
 3556128
 3556825
 3557522
 3558219
 3558916
 3559613
 3560310
 3561007
 3561704
 3562401
 3563098
 3563795
 3564492
 3565189
 3565886
 3566583
 3567280
 3567977
 3568674
 3569371
 3570068
 3570765
 3571462
 3572159
 3572856
 3573553
 3574250
 3574947
 3575644
 3576341
 3577038
 3577735
 3578432
 3579129
 3579826
 3580523
 3581220
 3581917
 3582614
 3583311
 3584008
 3584705
 3585402
 3586099
 3586796
 3587493
 3588190
 3588887
 3589584
 3590281
 3590978
 3591675
 3592372
 3593069
 3593766
 3594463
 3595160
 3595857
 3596554
 3597251
 3597948
 3598645
 3599342
 3600039
 3600736
 3601433
 3602130
 3602827
 3603524
 3604221
 3604918
 3605615
 3606312
 3607009
 3607706
 3608403
 3609100
 3609797
 3610494
 3611191
 3611888
 3612585
 3613282
 3613979
 3614676
 3615373
 3616070
 3616767
 3617464
 3618161
 3618858
 3619555
 3620252
 3620949
 3621646
 3622343
 3623040
 3623737
 3624434
 3625131
 3625828
 3626525
 3627222
 3627919
 3628616
 3629313
 3630010
 3630707
 3631404
 3632101
 3632798
 3633495
 3634192
 3634889
 3635586
 3636283
 3636980
 3637677
 3638374
 3639071
 3639768
 3640465
 3641162
 3641859
 3642556
 3643253
 3643950
 3644647
 3645344
 3646041
 3646738
 3647435
 3648132
 3648829
 3649526
 3650223
 3650920
 3651617
 3652314
 3653011
 3653708
 3654405
 3655102
 3655799
 3656496
 3657193
 3657890
 3658587
 3659284
 3659981
 3660678
 3661375
 3662072
 3662769
 3663466
 3664163
 3664860
 3665557
 3666254
 3666951
 3667648
 3668345
 3669042
 3669739
 3670436
 3671133
 3671830
 3672527
 3673224
 3673921
 3674618
 3675315
 3676012
 3676709
 3677406
 3678103
 3678800
 3679497
 3680194
 3680891
 3681588
 3682285
 3682982
 3683679
 3684376
 3685073
 3685770
 3686467
 3687164
 3687861
 3688558
 3689255
 3689952
 3690649
 3691346
 3692043
 3692740
 3693437
 3694134
 3694831
 3695528
 3696225
 3696922
 3697619
 3698316
 3699013
 3699710
 3700407
 3701104
 3701801
 3702498
 3703195
 3703892
 3704589
 3705286
 3705983
 3706680
 3707377
 3708074
 3708771
 3709468
 3710165
 3710862
 3711559
 3712256
 3712953
 3713650
 3714347
 3715044
 3715741
 3716438
 3717135
 3717832
 3718529
 3719226
 3719923
 3720620
 3721317
 3722014
 3722711
 3723408
 3724105
 3724802
 3725499
 3726196
 3726893
 3727590
 3728287
 3728984
 3729681
 3730378
 3731075
 3731772
 3732469
 3733166
 3733863
 3734560
 3735257
 3735954
 3736651
 3737348
 3738045
 3738742
 3739439
 3740136
 3740833
 3741530
 3742227
 3742924
 3743621
 3744318
 3745015
 3745712
 3746409
 3747106
 3747803
 3748500
 3749197
 3749894
 3750591
 3751288
 3751985
 3752682
 3753379
 3754076
 3754773
 3755470
 3756167
 3756864
 3757561
 3758258
 3758955
 3759652
 3760349
 3761046
 3761743
 3762440
 3763137
 3763834
 3764531
 3765228
 3765925
 3766622
 3767319
 3768016
 3768713
 3769410
 3770107
 3770804
 3771501
 3772198
 3772895
 3773592
 3774289
 3774986
 3775683
 3776380
 3777077
 3777774
 3778471
 3779168
 3779865
 3780562
 3781259
 3781956
 3782653
 3783350
 3784047
 3784744
 3785441
 3786138
 3786835
 3787532
 3788229
 3788926
 3789623
 3790320
 3791017
 3791714
 3792411
 3793108
 3793805
 3794502
 3795199
 3795896
 3796593
 3797290
 3797987
 3798684
 3799381
 3800078
 3800775
 3801472
 3802169
 3802866
 3803563
 3804260
 3804957
 3805654
 3806351
 3807048
 3807745
 3808442
 3809139
 3809836
 3810533
 3811230
 3811927
 3812624
 3813321
 3814018
 3814715
 3815412
 3816109
 3816806
 3817503
 3818200
 3818897
 3819594
 3820291
 3820988
 3821685
 3822382
 3823079
 3823776
 3824473
 3825170
 3825867
 3826564
 3827261
 3827958
 3828655
 3829352
 3830049
 3830746
 3831443
 3832140
 3832837
 3833534
 3834231
 3834928
 3835625
 3836322
 3837019
 3837716
 3838413
 3839110
 3839807
 3840504
 3841201
 3841898
 3842595
 3843292
 3843989
 3844686
 3845383
 3846080
 3846777
 3847474
 3848171
 3848868
 3849565
 3850262
 3850959
 3851656
 3852353
 3853050
 3853747
 3854444
 3855141
 3855838
 3856535
 3857232
 3857929
 3858626
 3859323
 3860020
 3860717
 3861414
 3862111
 3862808
 3863505
 3864202
 3864899
 3865596
 3866293
 3866990
 3867687
 3868384
 3869081
 3869778
 3870475
 3871172
 3871869
 3872566
 3873263
 3873960
 3874657
 3875354
 3876051
 3876748
 3877445
 3878142
 3878839
 3879536
 3880233
 3880930
 3881627
 3882324
 3883021
 3883718
 3884415
 3885112
 3885809
 3886506
 3887203
 3887900
 3888597
 3889294
 3889991
 3890688
 3891385
 3892082
 3892779
 3893476
 3894173
 3894870
 3895567
 3896264
 3896961
 3897658
 3898355
 3899052
 3899749
 3900446
 3901143
 3901840
 3902537
 3903234
 3903931
 3904628
 3905325
 3906022
 3906719
 3907416
 3908113
 3908810
 3909507
 3910204
 3910901
 3911598
 3912295
 3912992
 3913689
 3914386
 3915083
 3915780
 3916477
 3917174
 3917871
 3918568
 3919265
 3919962
 3920659
 3921356
 3922053
 3922750
 3923447
 3924144
 3924841
 3925538
 3926235
 3926932
 3927629
 3928326
 3929023
 3929720
 3930417
 3931114
 3931811
 3932508
 3933205
 3933902
 3934599
 3935296
 3935993
 3936690
 3937387
 3938084
 3938781
 3939478
 3940175
 3940872
 3941569
 3942266
 3942963
 3943660
 3944357
 3945054
 3945751
 3946448
 3947145
 3947842
 3948539
 3949236
 3949933
 3950630
 3951327
 3952024
 3952721
 3953418
 3954115
 3954812
 3955509
 3956206
 3956903
 3957600
 3958297
 3958994
 3959691
 3960388
 3961085
 3961782
 3962479
 3963176
 3963873
 3964570
 3965267
 3965964
 3966661
 3967358
 3968055
 3968752
 3969449
 3970146
 3970843
 3971540
 3972237
 3972934
 3973631
 3974328
 3975025
 3975722
 3976419
 3977116
 3977813
 3978510
 3979207
 3979904
 3980601
 3981298
 3981995
 3982692
 3983389
 3984086
 3984783
 3985480
 3986177
 3986874
 3987571
 3988268
 3988965
 3989662
 3990359
 3991056
 3991753
 3992450
 3993147
 3993844
 3994541
 3995238
 3995935
 3996632
 3997329
 3998026
 3998723
 3999420
 4000117
 4000814
 4001511
 4002208
 4002905
 4003602
 4004299
 4004996
 4005693
 4006390
 4007087
 4007784
 4008481
 4009178
 4009875
 4010572
 4011269
 4011966
 4012663
 4013360
 4014057
 4014754
 4015451
 4016148
 4016845
 4017542
 4018239
 4018936
 4019633
 4020330
 4021027
 4021724
 4022421
 4023118
 4023815
 4024512
 4025209
 4025906
 4026603
 4027300
 4027997
 4028694
 4029391
 4030088
 4030785
 4031482
 4032179
 4032876
 4033573
 4034270
 4034967
 4035664
 4036361
 4037058
 4037755
 4038452
 4039149
 4039846
 4040543
 4041240
 4041937
 4042634
 4043331
 4044028
 4044725
 4045422
 4046119
 4046816
 4047513
 4048210
 4048907
 4049604
 4050301
 4050998
 4051695
 4052392
 4053089
 4053786
 4054483
 4055180
 4055877
 4056574
 4057271
 4057968
 4058665
 4059362
 4060059
 4060756
 4061453
 4062150
 4062847
 4063544
 4064241
 4064938
 4065635
 4066332
 4067029
 4067726
 4068423
 4069120
 4069817
 4070514
 4071211
 4071908
 4072605
 4073302
 4073999
 4074696
 4075393
 4076090
 4076787
 4077484
 4078181
 4078878
 4079575
 4080272
 4080969
 4081666
 4082363
 4083060
 4083757
 4084454
 4085151
 4085848
 4086545
 4087242
 4087939
 4088636
 4089333
 4090030
 4090727
 4091424
 4092121
 4092818
 4093515
 4094212
 4094909
 4095606
 4096303
 4097000
 4097697
 4098394
 4099091
 4099788
 4100485
 4101182
 4101879
 4102576
 4103273
 4103970
 4104667
 4105364
 4106061
 4106758
 4107455
 4108152
 4108849
 4109546
 4110243
 4110940
 4111637
 4112334
 4113031
 4113728
 4114425
 4115122
 4115819
 4116516
 4117213
 4117910
 4118607
 4119304
 4120001
 4120698
 4121395
 4122092
 4122789
 4123486
 4124183
 4124880
 4125577
 4126274
 4126971
 4127668
 4128365
 4129062
 4129759
 4130456
 4131153
 4131850
 4132547
 4133244
 4133941
 4134638
 4135335
 4136032
 4136729
 4137426
 4138123
 4138820
 4139517
 4140214
 4140911
 4141608
 4142305
 4143002
 4143699
 4144396
 4145093
 4145790
 4146487
 4147184
 4147881
 4148578
 4149275
 4149972
 4150669
 4151366
 4152063
 4152760
 4153457
 4154154
 4154851
 4155548
 4156245
 4156942
 4157639
 4158336
 4159033
 4159730
 4160427
 4161124
 4161821
 4162518
 4163215
 4163912
 4164609
 4165306
 4166003
 4166700
 4167397
 4168094
 4168791
 4169488
 4170185
 4170882
 4171579
 4172276
 4172973
 4173670
 4174367
 4175064
 4175761
 4176458
 4177155
 4177852
 4178549
 4179246
 4179943
 4180640
 4181337
 4182034
 4182731
 4183428
 4184125
 4184822
 4185519
 4186216
 4186913
 4187610
 4188307
 4189004
 4189701
 4190398
 4191095
 4191792
 4192489
 4193186
 4193883
 4194580
 4195277
 4195974
 4196671
 4197368
 4198065
 4198762
 4199459
 4200156
 4200853
 4201550
 4202247
 4202944
 4203641
 4204338
 4205035
 4205732
 4206429
 4207126
 4207823
 4208520
 4209217
 4209914
 4210611
 4211308
 4212005
 4212702
 4213399
 4214096
 4214793
 4215490
 4216187
 4216884
 4217581
 4218278
 4218975
 4219672
 4220369
 4221066
 4221763
 4222460
 4223157
 4223854
 4224551
 4225248
 4225945
 4226642
 4227339
 4228036
 4228733
 4229430
 4230127
 4230824
 4231521
 4232218
 4232915
 4233612
 4234309
 4235006
 4235703
 4236400
 4237097
 4237794
 4238491
 4239188
 4239885
 4240582
 4241279
 4241976
 4242673
 4243370
 4244067
 4244764
 4245461
 4246158
 4246855
 4247552
 4248249
 4248946
 4249643
 4250340
 4251037
 4251734
 4252431
 4253128
 4253825
 4254522
 4255219
 4255916
 4256613
 4257310
 4258007
 4258704
 4259401
 4260098
 4260795
 4261492
 4262189
 4262886
 4263583
 4264280
 4264977
 4265674
 4266371
 4267068
 4267765
 4268462
 4269159
 4269856
 4270553
 4271250
 4271947
 4272644
 4273341
 4274038
 4274735
 4275432
 4276129
 4276826
 4277523
 4278220
 4278917
 4279614
 4280311
 4281008
 4281705
 4282402
 4283099
 4283796
 4284493
 4285190
 4285887
 4286584
 4287281
 4287978
 4288675
 4289372
 4290069
 4290766
 4291463
 4292160
 4292857
 4293554
 4294251
 4294948
 4295645
 4296342
 4297039
 4297736
 4298433
 4299130
 4299827
 4300524
 4301221
 4301918
 4302615
 4303312
 4304009
 4304706
 4305403
 4306100
 4306797
 4307494
 4308191
 4308888
 4309585
 4310282
 4310979
 4311676
 4312373
 4313070
 4313767
 4314464
 4315161
 4315858
 4316555
 4317252
 4317949
 4318646
 4319343
 4320040
 4320737
 4321434
 4322131
 4322828
 4323525
 4324222
 4324919
 4325616
 4326313
 4327010
 4327707
 4328404
 4329101
 4329798
 4330495
 4331192
 4331889
 4332586
 4333283
 4333980
 4334677
 4335374
 4336071
 4336768
 4337465
 4338162
 4338859
 4339556
 4340253
 4340950
 4341647
 4342344
 4343041
 4343738
 4344435
 4345132
 4345829
 4346526
 4347223
 4347920
 4348617
 4349314
 4350011
 4350708
 4351405
 4352102
 4352799
 4353496
 4354193
 4354890
 4355587
 4356284
 4356981
 4357678
 4358375
 4359072
 4359769
 4360466
 4361163
 4361860
 4362557
 4363254
 4363951
 4364648
 4365345
 4366042
 4366739
 4367436
 4368133
 4368830
 4369527
 4370224
 4370921
 4371618
 4372315
 4373012
 4373709
 4374406
 4375103
 4375800
 4376497
 4377194
 4377891
 4378588
 4379285
 4379982
 4380679
 4381376
 4382073
 4382770
 4383467
 4384164
 4384861
 4385558
 4386255
 4386952
 4387649
 4388346
 4389043
 4389740
 4390437
 4391134
 4391831
 4392528
 4393225
 4393922
 4394619
 4395316
 4396013
 4396710
 4397407
 4398104
 4398801
 4399498
 4400195
 4400892
 4401589
 4402286
 4402983
 4403680
 4404377
 4405074
 4405771
 4406468
 4407165
 4407862
 4408559
 4409256
 4409953
 4410650
 4411347
 4412044
 4412741
 4413438
 4414135
 4414832
 4415529
 4416226
 4416923
 4417620
 4418317
 4419014
 4419711
 4420408
 4421105
 4421802
 4422499
 4423196
 4423893
 4424590
 4425287
 4425984
 4426681
 4427378
 4428075
 4428772
 4429469
 4430166
 4430863
 4431560
 4432257
 4432954
 4433651
 4434348
 4435045
 4435742
 4436439
 4437136
 4437833
 4438530
 4439227
 4439924
 4440621
 4441318
 4442015
 4442712
 4443409
 4444106
 4444803
 4445500
 4446197
 4446894
 4447591
 4448288
 4448985
 4449682
 4450379
 4451076
 4451773
 4452470
 4453167
 4453864
 4454561
 4455258
 4455955
 4456652
 4457349
 4458046
 4458743
 4459440
 4460137
 4460834
 4461531
 4462228
 4462925
 4463622
 4464319
 4465016
 4465713
 4466410
 4467107
 4467804
 4468501
 4469198
 4469895
 4470592
 4471289
 4471986
 4472683
 4473380
 4474077
 4474774
 4475471
 4476168
 4476865
 4477562
 4478259
 4478956
 4479653
 4480350
 4481047
 4481744
 4482441
 4483138
 4483835
 4484532
 4485229
 4485926
 4486623
 4487320
 4488017
 4488714
 4489411
 4490108
 4490805
 4491502
 4492199
 4492896
 4493593
 4494290
 4494987
 4495684
 4496381
 4497078
 4497775
 4498472
 4499169
 4499866
 4500563
 4501260
 4501957
 4502654
 4503351
 4504048
 4504745
 4505442
 4506139
 4506836
 4507533
 4508230
 4508927
 4509624
 4510321
 4511018
 4511715
 4512412
 4513109
 4513806
 4514503
 4515200
 4515897
 4516594
 4517291
 4517988
 4518685
 4519382
 4520079
 4520776
 4521473
 4522170
 4522867
 4523564
 4524261
 4524958
 4525655
 4526352
 4527049
 4527746
 4528443
 4529140
 4529837
 4530534
 4531231
 4531928
 4532625
 4533322
 4534019
 4534716
 4535413
 4536110
 4536807
 4537504
 4538201
 4538898
 4539595
 4540292
 4540989
 4541686
 4542383
 4543080
 4543777
 4544474
 4545171
 4545868
 4546565
 4547262
 4547959
 4548656
 4549353
 4550050
 4550747
 4551444
 4552141
 4552838
 4553535
 4554232
 4554929
 4555626
 4556323
 4557020
 4557717
 4558414
 4559111
 4559808
 4560505
 4561202
 4561899
 4562596
 4563293
 4563990
 4564687
 4565384
 4566081
 4566778
 4567475
 4568172
 4568869
 4569566
 4570263
 4570960
 4571657
 4572354
 4573051
 4573748
 4574445
 4575142
 4575839
 4576536
 4577233
 4577930
 4578627
 4579324
 4580021
 4580718
 4581415
 4582112
 4582809
 4583506
 4584203
 4584900
 4585597
 4586294
 4586991
 4587688
 4588385
 4589082
 4589779
 4590476
 4591173
 4591870
 4592567
 4593264
 4593961
 4594658
 4595355
 4596052
 4596749
 4597446
 4598143
 4598840
 4599537
 4600234
 4600931
 4601628
 4602325
 4603022
 4603719
 4604416
 4605113
 4605810
 4606507
 4607204
 4607901
 4608598
 4609295
 4609992
 4610689
 4611386
 4612083
 4612780
 4613477
 4614174
 4614871
 4615568
 4616265
 4616962
 4617659
 4618356
 4619053
 4619750
 4620447
 4621144
 4621841
 4622538
 4623235
 4623932
 4624629
 4625326
 4626023
 4626720
 4627417
 4628114
 4628811
 4629508
 4630205
 4630902
 4631599
 4632296
 4632993
 4633690
 4634387
 4635084
 4635781
 4636478
 4637175
 4637872
 4638569
 4639266
 4639963
 4640660
 4641357
 4642054
 4642751
 4643448
 4644145
 4644842
 4645539
 4646236
 4646933
 4647630
 4648327
 4649024
 4649721
 4650418
 4651115
 4651812
 4652509
 4653206
 4653903
 4654600
 4655297
 4655994
 4656691
 4657388
 4658085
 4658782
 4659479
 4660176
 4660873
 4661570
 4662267
 4662964
 4663661
 4664358
 4665055
 4665752
 4666449
 4667146
 4667843
 4668540
 4669237
 4669934
 4670631
 4671328
 4672025
 4672722
 4673419
 4674116
 4674813
 4675510
 4676207
 4676904
 4677601
 4678298
 4678995
 4679692
 4680389
 4681086
 4681783
 4682480
 4683177
 4683874
 4684571
 4685268
 4685965
 4686662
 4687359
 4688056
 4688753
 4689450
 4690147
 4690844
 4691541
 4692238
 4692935
 4693632
 4694329
 4695026
 4695723
 4696420
 4697117
 4697814
 4698511
 4699208
 4699905
 4700602
 4701299
 4701996
 4702693
 4703390
 4704087
 4704784
 4705481
 4706178
 4706875
 4707572
 4708269
 4708966
 4709663
 4710360
 4711057
 4711754
 4712451
 4713148
 4713845
 4714542
 4715239
 4715936
 4716633
 4717330
 4718027
 4718724
 4719421
 4720118
 4720815
 4721512
 4722209
 4722906
 4723603
 4724300
 4724997
 4725694
 4726391
 4727088
 4727785
 4728482
 4729179
 4729876
 4730573
 4731270
 4731967
 4732664
 4733361
 4734058
 4734755
 4735452
 4736149
 4736846
 4737543
 4738240
 4738937
 4739634
 4740331
 4741028
 4741725
 4742422
 4743119
 4743816
 4744513
 4745210
 4745907
 4746604
 4747301
 4747998
 4748695
 4749392
 4750089
 4750786
 4751483
 4752180
 4752877
 4753574
 4754271
 4754968
 4755665
 4756362
 4757059
 4757756
 4758453
 4759150
 4759847
 4760544
 4761241
 4761938
 4762635
 4763332
 4764029
 4764726
 4765423
 4766120
 4766817
 4767514
 4768211
 4768908
 4769605
 4770302
 4770999
 4771696
 4772393
 4773090
 4773787
 4774484
 4775181
 4775878
 4776575
 4777272
 4777969
 4778666
 4779363
 4780060
 4780757
 4781454
 4782151
 4782848
 4783545
 4784242
 4784939
 4785636
 4786333
 4787030
 4787727
 4788424
 4789121
 4789818
 4790515
 4791212
 4791909
 4792606
 4793303
 4794000
 4794697
 4795394
 4796091
 4796788
 4797485
 4798182
 4798879
 4799576
 4800273
 4800970
 4801667
 4802364
 4803061
 4803758
 4804455
 4805152
 4805849
 4806546
 4807243
 4807940
 4808637
 4809334
 4810031
 4810728
 4811425
 4812122
 4812819
 4813516
 4814213
 4814910
 4815607
 4816304
 4817001
 4817698
 4818395
 4819092
 4819789
 4820486
 4821183
 4821880
 4822577
 4823274
 4823971
 4824668
 4825365
 4826062
 4826759
 4827456
 4828153
 4828850
 4829547
 4830244
 4830941
 4831638
 4832335
 4833032
 4833729
 4834426
 4835123
 4835820
 4836517
 4837214
 4837911
 4838608
 4839305
 4840002
 4840699
 4841396
 4842093
 4842790
 4843487
 4844184
 4844881
 4845578
 4846275
 4846972
 4847669
 4848366
 4849063
 4849760
 4850457
 4851154
 4851851
 4852548
 4853245
 4853942
 4854639
 4855336
 4856033
 4856730
 4857427
 4858124
 4858821
 4859518
 4860215
 4860912
 4861609
 4862306
 4863003
 4863700
 4864397
 4865094
 4865791
 4866488
 4867185
 4867882
 4868579
 4869276
 4869973
 4870670
 4871367
 4872064
 4872761
 4873458
 4874155
 4874852
 4875549
 4876246
 4876943
 4877640
 4878337
 4879034
 4879731
 4880428
 4881125
 4881822
 4882519
 4883216
 4883913
 4884610
 4885307
 4886004
 4886701
 4887398
 4888095
 4888792
 4889489
 4890186
 4890883
 4891580
 4892277
 4892974
 4893671
 4894368
 4895065
 4895762
 4896459
 4897156
 4897853
 4898550
 4899247
 4899944
 4900641
 4901338
 4902035
 4902732
 4903429
 4904126
 4904823
 4905520
 4906217
 4906914
 4907611
 4908308
 4909005
 4909702
 4910399
 4911096
 4911793
 4912490
 4913187
 4913884
 4914581
 4915278
 4915975
 4916672
 4917369
 4918066
 4918763
 4919460
 4920157
 4920854
 4921551
 4922248
 4922945
 4923642
 4924339
 4925036
 4925733
 4926430
 4927127
 4927824
 4928521
 4929218
 4929915
 4930612
 4931309
 4932006
 4932703
 4933400
 4934097
 4934794
 4935491
 4936188
 4936885
 4937582
 4938279
 4938976
 4939673
 4940370
 4941067
 4941764
 4942461
 4943158
 4943855
 4944552
 4945249
 4945946
 4946643
 4947340
 4948037
 4948734
 4949431
 4950128
 4950825
 4951522
 4952219
 4952916
 4953613
 4954310
 4955007
 4955704
 4956401
 4957098
 4957795
 4958492
 4959189
 4959886
 4960583
 4961280
 4961977
 4962674
 4963371
 4964068
 4964765
 4965462
 4966159
 4966856
 4967553
 4968250
 4968947
 4969644
 4970341
 4971038
 4971735
 4972432
 4973129
 4973826
 4974523
 4975220
 4975917
 4976614
 4977311
 4978008
 4978705
 4979402
 4980099
 4980796
 4981493
 4982190
 4982887
 4983584
 4984281
 4984978
 4985675
 4986372
 4987069
 4987766
 4988463
 4989160
 4989857
 4990554
 4991251
 4991948
 4992645
 4993342
 4994039
 4994736
 4995433
 4996130
 4996827
 4997524
 4998221
 4998918
 4999615
 5000312
 5001009
 5001706
 5002403
 5003100
 5003797
 5004494
 5005191
 5005888
 5006585
 5007282
 5007979
 5008676
 5009373
 5010070
 5010767
 5011464
 5012161
 5012858
 5013555
 5014252
 5014949
 5015646
 5016343
 5017040
 5017737
 5018434
 5019131
 5019828
 5020525
 5021222
 5021919
 5022616
 5023313
 5024010
 5024707
 5025404
 5026101
 5026798
 5027495
 5028192
 5028889
 5029586
 5030283
 5030980
 5031677
 5032374
 5033071
 5033768
 5034465
 5035162
 5035859
 5036556
 5037253
 5037950
 5038647
 5039344
 5040041
 5040738
 5041435
 5042132
 5042829
 5043526
 5044223
 5044920
 5045617
 5046314
 5047011
 5047708
 5048405
 5049102
 5049799
 5050496
 5051193
 5051890
 5052587
 5053284
 5053981
 5054678
 5055375
 5056072
 5056769
 5057466
 5058163
 5058860
 5059557
 5060254
 5060951
 5061648
 5062345
 5063042
 5063739
 5064436
 5065133
 5065830
 5066527
 5067224
 5067921
 5068618
 5069315
 5070012
 5070709
 5071406
 5072103
 5072800
 5073497
 5074194
 5074891
 5075588
 5076285
 5076982
 5077679
 5078376
 5079073
 5079770
 5080467
 5081164
 5081861
 5082558
 5083255
 5083952
 5084649
 5085346
 5086043
 5086740
 5087437
 5088134
 5088831
 5089528
 5090225
 5090922
 5091619
 5092316
 5093013
 5093710
 5094407
 5095104
 5095801
 5096498
 5097195
 5097892
 5098589
 5099286
 5099983
 5100680
 5101377
 5102074
 5102771
 5103468
 5104165
 5104862
 5105559
 5106256
 5106953
 5107650
 5108347
 5109044
 5109741
 5110438
 5111135
 5111832
 5112529
 5113226
 5113923
 5114620
 5115317
 5116014
 5116711
 5117408
 5118105
 5118802
 5119499
 5120196
 5120893
 5121590
 5122287
 5122984
 5123681
 5124378
 5125075
 5125772
 5126469
 5127166
 5127863
 5128560
 5129257
 5129954
 5130651
 5131348
 5132045
 5132742
 5133439
 5134136
 5134833
 5135530
 5136227
 5136924
 5137621
 5138318
 5139015
 5139712
 5140409
 5141106
 5141803
 5142500
 5143197
 5143894
 5144591
 5145288
 5145985
 5146682
 5147379
 5148076
 5148773
 5149470
 5150167
 5150864
 5151561
 5152258
 5152955
 5153652
 5154349
 5155046
 5155743
 5156440
 5157137
 5157834
 5158531
 5159228
 5159925
 5160622
 5161319
 5162016
 5162713
 5163410
 5164107
 5164804
 5165501
 5166198
 5166895
 5167592
 5168289
 5168986
 5169683
 5170380
 5171077
 5171774
 5172471
 5173168
 5173865
 5174562
 5175259
 5175956
 5176653
 5177350
 5178047
 5178744
 5179441
 5180138
 5180835
 5181532
 5182229
 5182926
 5183623
 5184320
 5185017
 5185714
 5186411
 5187108
 5187805
 5188502
 5189199
 5189896
 5190593
 5191290
 5191987
 5192684
 5193381
 5194078
 5194775
 5195472
 5196169
 5196866
 5197563
 5198260
 5198957
 5199654
 5200351
 5201048
 5201745
 5202442
 5203139
 5203836
 5204533
 5205230
 5205927
 5206624
 5207321
 5208018
 5208715
 5209412
 5210109
 5210806
 5211503
 5212200
 5212897
 5213594
 5214291
 5214988
 5215685
 5216382
 5217079
 5217776
 5218473
 5219170
 5219867
 5220564
 5221261
 5221958
 5222655
 5223352
 5224049
 5224746
 5225443
 5226140
 5226837
 5227534
 5228231
 5228928
 5229625
 5230322
 5231019
 5231716
 5232413
 5233110
 5233807
 5234504
 5235201
 5235898
 5236595
 5237292
 5237989
 5238686
 5239383
 5240080
 5240777
 5241474
 5242171
 5242868
 5243565
 5244262
 5244959
 5245656
 5246353
 5247050
 5247747
 5248444
 5249141
 5249838
 5250535
 5251232
 5251929
 5252626
 5253323
 5254020
 5254717
 5255414
 5256111
 5256808
 5257505
 5258202
 5258899
 5259596
 5260293
 5260990
 5261687
 5262384
 5263081
 5263778
 5264475
 5265172
 5265869
 5266566
 5267263
 5267960
 5268657
 5269354
 5270051
 5270748
 5271445
 5272142
 5272839
 5273536
 5274233
 5274930
 5275627
 5276324
 5277021
 5277718
 5278415
 5279112
 5279809
 5280506
 5281203
 5281900
 5282597
 5283294
 5283991
 5284688
 5285385
 5286082
 5286779
 5287476
 5288173
 5288870
 5289567
 5290264
 5290961
 5291658
 5292355
 5293052
 5293749
 5294446
 5295143
 5295840
 5296537
 5297234
 5297931
 5298628
 5299325
 5300022
 5300719
 5301416
 5302113
 5302810
 5303507
 5304204
 5304901
 5305598
 5306295
 5306992
 5307689
 5308386
 5309083
 5309780
 5310477
 5311174
 5311871
 5312568
 5313265
 5313962
 5314659
 5315356
 5316053
 5316750
 5317447
 5318144
 5318841
 5319538
 5320235
 5320932
 5321629
 5322326
 5323023
 5323720
 5324417
 5325114
 5325811
 5326508
 5327205
 5327902
 5328599
 5329296
 5329993
 5330690
 5331387
 5332084
 5332781
 5333478
 5334175
 5334872
 5335569
 5336266
 5336963
 5337660
 5338357
 5339054
 5339751
 5340448
 5341145
 5341842
 5342539
 5343236
 5343933
 5344630
 5345327
 5346024
 5346721
 5347418
 5348115
 5348812
 5349509
 5350206
 5350903
 5351600
 5352297
 5352994
 5353691
 5354388
 5355085
 5355782
 5356479
 5357176
 5357873
 5358570
 5359267
 5359964
 5360661
 5361358
 5362055
 5362752
 5363449
 5364146
 5364843
 5365540
 5366237
 5366934
 5367631
 5368328
 5369025
 5369722
 5370419
 5371116
 5371813
 5372510
 5373207
 5373904
 5374601
 5375298
 5375995
 5376692
 5377389
 5378086
 5378783
 5379480
 5380177
 5380874
 5381571
 5382268
 5382965
 5383662
 5384359
 5385056
 5385753
 5386450
 5387147
 5387844
 5388541
 5389238
 5389935
 5390632
 5391329
 5392026
 5392723
 5393420
 5394117
 5394814
 5395511
 5396208
 5396905
 5397602
 5398299
 5398996
 5399693
 5400390
 5401087
 5401784
 5402481
 5403178
 5403875
 5404572
 5405269
 5405966
 5406663
 5407360
 5408057
 5408754
 5409451
 5410148
 5410845
 5411542
 5412239
 5412936
 5413633
 5414330
 5415027
 5415724
 5416421
 5417118
 5417815
 5418512
 5419209
 5419906
 5420603
 5421300
 5421997
 5422694
 5423391
 5424088
 5424785
 5425482
 5426179
 5426876
 5427573
 5428270
 5428967
 5429664
 5430361
 5431058
 5431755
 5432452
 5433149
 5433846
 5434543
 5435240
 5435937
 5436634
 5437331
 5438028
 5438725
 5439422
 5440119
 5440816
 5441513
 5442210
 5442907
 5443604
 5444301
 5444998
 5445695
 5446392
 5447089
 5447786
 5448483
 5449180
 5449877
 5450574
 5451271
 5451968
 5452665
 5453362
 5454059
 5454756
 5455453
 5456150
 5456847
 5457544
 5458241
 5458938
 5459635
 5460332
 5461029
 5461726
 5462423
 5463120
 5463817
 5464514
 5465211
 5465908
 5466605
 5467302
 5467999
 5468696
 5469393
 5470090
 5470787
 5471484
 5472181
 5472878
 5473575
 5474272
 5474969
 5475666
 5476363
 5477060
 5477757
 5478454
 5479151
 5479848
 5480545
 5481242
 5481939
 5482636
 5483333
 5484030
 5484727
 5485424
 5486121
 5486818
 5487515
 5488212
 5488909
 5489606
 5490303
 5491000
 5491697
 5492394
 5493091
 5493788
 5494485
 5495182
 5495879
 5496576
 5497273
 5497970
 5498667
 5499364
 5500061
 5500758
 5501455
 5502152
 5502849
 5503546
 5504243
 5504940
 5505637
 5506334
 5507031
 5507728
 5508425
 5509122
 5509819
 5510516
 5511213
 5511910
 5512607
 5513304
 5514001
 5514698
 5515395
 5516092
 5516789
 5517486
 5518183
 5518880
 5519577
 5520274
 5520971
 5521668
 5522365
 5523062
 5523759
 5524456
 5525153
 5525850
 5526547
 5527244
 5527941
 5528638
 5529335
 5530032
 5530729
 5531426
 5532123
 5532820
 5533517
 5534214
 5534911
 5535608
 5536305
 5537002
 5537699
 5538396
 5539093
 5539790
 5540487
 5541184
 5541881
 5542578
 5543275
 5543972
 5544669
 5545366
 5546063
 5546760
 5547457
 5548154
 5548851
 5549548
 5550245
 5550942
 5551639
 5552336
 5553033
 5553730
 5554427
 5555124
 5555821
 5556518
 5557215
 5557912
 5558609
 5559306
 5560003
 5560700
 5561397
 5562094
 5562791
 5563488
 5564185
 5564882
 5565579
 5566276
 5566973
 5567670
 5568367
 5569064
 5569761
 5570458
 5571155
 5571852
 5572549
 5573246
 5573943
 5574640
 5575337
 5576034
 5576731
 5577428
 5578125
 5578822
 5579519
 5580216
 5580913
 5581610
 5582307
 5583004
 5583701
 5584398
 5585095
 5585792
 5586489
 5587186
 5587883
 5588580
 5589277
 5589974
 5590671
 5591368
 5592065
 5592762
 5593459
 5594156
 5594853
 5595550
 5596247
 5596944
 5597641
 5598338
 5599035
 5599732
 5600429
 5601126
 5601823
 5602520
 5603217
 5603914
 5604611
 5605308
 5606005
 5606702
 5607399
 5608096
 5608793
 5609490
 5610187
 5610884
 5611581
 5612278
 5612975
 5613672
 5614369
 5615066
 5615763
 5616460
 5617157
 5617854
 5618551
 5619248
 5619945
 5620642
 5621339
 5622036
 5622733
 5623430
 5624127
 5624824
 5625521
 5626218
 5626915
 5627612
 5628309
 5629006
 5629703
 5630400
 5631097
 5631794
 5632491
 5633188
 5633885
 5634582
 5635279
 5635976
 5636673
 5637370
 5638067
 5638764
 5639461
 5640158
 5640855
 5641552
 5642249
 5642946
 5643643
 5644340
 5645037
 5645734
 5646431
 5647128
 5647825
 5648522
 5649219
 5649916
 5650613
 5651310
 5652007
 5652704
 5653401
 5654098
 5654795
 5655492
 5656189
 5656886
 5657583
 5658280
 5658977
 5659674
 5660371
 5661068
 5661765
 5662462
 5663159
 5663856
 5664553
 5665250
 5665947
 5666644
 5667341
 5668038
 5668735
 5669432
 5670129
 5670826
 5671523
 5672220
 5672917
 5673614
 5674311
 5675008
 5675705
 5676402
 5677099
 5677796
 5678493
 5679190
 5679887
 5680584
 5681281
 5681978
 5682675
 5683372
 5684069
 5684766
 5685463
 5686160
 5686857
 5687554
 5688251
 5688948
 5689645
 5690342
 5691039
 5691736
 5692433
 5693130
 5693827
 5694524
 5695221
 5695918
 5696615
 5697312
 5698009
 5698706
 5699403
 5700100
 5700797
 5701494
 5702191
 5702888
 5703585
 5704282
 5704979
 5705676
 5706373
 5707070
 5707767
 5708464
 5709161
 5709858
 5710555
 5711252
 5711949
 5712646
 5713343
 5714040
 5714737
 5715434
 5716131
 5716828
 5717525
 5718222
 5718919
 5719616
 5720313
 5721010
 5721707
 5722404
 5723101
 5723798
 5724495
 5725192
 5725889
 5726586
 5727283
 5727980
 5728677
 5729374
 5730071
 5730768
 5731465
 5732162
 5732859
 5733556
 5734253
 5734950
 5735647
 5736344
 5737041
 5737738
 5738435
 5739132
 5739829
 5740526
 5741223
 5741920
 5742617
 5743314
 5744011
 5744708
 5745405
 5746102
 5746799
 5747496
 5748193
 5748890
 5749587
 5750284
 5750981
 5751678
 5752375
 5753072
 5753769
 5754466
 5755163
 5755860
 5756557
 5757254
 5757951
 5758648
 5759345
 5760042
 5760739
 5761436
 5762133
 5762830
 5763527
 5764224
 5764921
 5765618
 5766315
 5767012
 5767709
 5768406
 5769103
 5769800
 5770497
 5771194
 5771891
 5772588
 5773285
 5773982
 5774679
 5775376
 5776073
 5776770
 5777467
 5778164
 5778861
 5779558
 5780255
 5780952
 5781649
 5782346
 5783043
 5783740
 5784437
 5785134
 5785831
 5786528
 5787225
 5787922
 5788619
 5789316
 5790013
 5790710
 5791407
 5792104
 5792801
 5793498
 5794195
 5794892
 5795589
 5796286
 5796983
 5797680
 5798377
 5799074
 5799771
 5800468
 5801165
 5801862
 5802559
 5803256
 5803953
 5804650
 5805347
 5806044
 5806741
 5807438
 5808135
 5808832
 5809529
 5810226
 5810923
 5811620
 5812317
 5813014
 5813711
 5814408
 5815105
 5815802
 5816499
 5817196
 5817893
 5818590
 5819287
 5819984
 5820681
 5821378
 5822075
 5822772
 5823469
 5824166
 5824863
 5825560
 5826257
 5826954
 5827651
 5828348
 5829045
 5829742
 5830439
 5831136
 5831833
 5832530
 5833227
 5833924
 5834621
 5835318
 5836015
 5836712
 5837409
 5838106
 5838803
 5839500
 5840197
 5840894
 5841591
 5842288
 5842985
 5843682
 5844379
 5845076
 5845773
 5846470
 5847167
 5847864
 5848561
 5849258
 5849955
 5850652
 5851349
 5852046
 5852743
 5853440
 5854137
 5854834
 5855531
 5856228
 5856925
 5857622
 5858319
 5859016
 5859713
 5860410
 5861107
 5861804
 5862501
 5863198
 5863895
 5864592
 5865289
 5865986
 5866683
 5867380
 5868077
 5868774
 5869471
 5870168
 5870865
 5871562
 5872259
 5872956
 5873653
 5874350
 5875047
 5875744
 5876441
 5877138
 5877835
 5878532
 5879229
 5879926
 5880623
 5881320
 5882017
 5882714
 5883411
 5884108
 5884805
 5885502
 5886199
 5886896
 5887593
 5888290
 5888987
 5889684
 5890381
 5891078
 5891775
 5892472
 5893169
 5893866
 5894563
 5895260
 5895957
 5896654
 5897351
 5898048
 5898745
 5899442
 5900139
 5900836
 5901533
 5902230
 5902927
 5903624
 5904321
 5905018
 5905715
 5906412
 5907109
 5907806
 5908503
 5909200
 5909897
 5910594
 5911291
 5911988
 5912685
 5913382
 5914079
 5914776
 5915473
 5916170
 5916867
 5917564
 5918261
 5918958
 5919655
 5920352
 5921049
 5921746
 5922443
 5923140
 5923837
 5924534
 5925231
 5925928
 5926625
 5927322
 5928019
 5928716
 5929413
 5930110
 5930807
 5931504
 5932201
 5932898
 5933595
 5934292
 5934989
 5935686
 5936383
 5937080
 5937777
 5938474
 5939171
 5939868
 5940565
 5941262
 5941959
 5942656
 5943353
 5944050
 5944747
 5945444
 5946141
 5946838
 5947535
 5948232
 5948929
 5949626
 5950323
 5951020
 5951717
 5952414
 5953111
 5953808
 5954505
 5955202
 5955899
 5956596
 5957293
 5957990
 5958687
 5959384
 5960081
 5960778
 5961475
 5962172
 5962869
 5963566
 5964263
 5964960
 5965657
 5966354
 5967051
 5967748
 5968445
 5969142
 5969839
 5970536
 5971233
 5971930
 5972627
 5973324
 5974021
 5974718
 5975415
 5976112
 5976809
 5977506
 5978203
 5978900
 5979597
 5980294
 5980991
 5981688
 5982385
 5983082
 5983779
 5984476
 5985173
 5985870
 5986567
 5987264
 5987961
 5988658
 5989355
 5990052
 5990749
 5991446
 5992143
 5992840
 5993537
 5994234
 5994931
 5995628
 5996325
 5997022
 5997719
 5998416
 5999113
 5999810
 6000507
 6001204
 6001901
 6002598
 6003295
 6003992
 6004689
 6005386
 6006083
 6006780
 6007477
 6008174
 6008871
 6009568
 6010265
 6010962
 6011659
 6012356
 6013053
 6013750
 6014447
 6015144
 6015841
 6016538
 6017235
 6017932
 6018629
 6019326
 6020023
 6020720
 6021417
 6022114
 6022811
 6023508
 6024205
 6024902
 6025599
 6026296
 6026993
 6027690
 6028387
 6029084
 6029781
 6030478
 6031175
 6031872
 6032569
 6033266
 6033963
 6034660
 6035357
 6036054
 6036751
 6037448
 6038145
 6038842
 6039539
 6040236
 6040933
 6041630
 6042327
 6043024
 6043721
 6044418
 6045115
 6045812
 6046509
 6047206
 6047903
 6048600
 6049297
 6049994
 6050691
 6051388
 6052085
 6052782
 6053479
 6054176
 6054873
 6055570
 6056267
 6056964
 6057661
 6058358
 6059055
 6059752
 6060449
 6061146
 6061843
 6062540
 6063237
 6063934
 6064631
 6065328
 6066025
 6066722
 6067419
 6068116
 6068813
 6069510
 6070207
 6070904
 6071601
 6072298
 6072995
 6073692
 6074389
 6075086
 6075783
 6076480
 6077177
 6077874
 6078571
 6079268
 6079965
 6080662
 6081359
 6082056
 6082753
 6083450
 6084147
 6084844
 6085541
 6086238
 6086935
 6087632
 6088329
 6089026
 6089723
 6090420
 6091117
 6091814
 6092511
 6093208
 6093905
 6094602
 6095299
 6095996
 6096693
 6097390
 6098087
 6098784
 6099481
 6100178
 6100875
 6101572
 6102269
 6102966
 6103663
 6104360
 6105057
 6105754
 6106451
 6107148
 6107845
 6108542
 6109239
 6109936
 6110633
 6111330
 6112027
 6112724
 6113421
 6114118
 6114815
 6115512
 6116209
 6116906
 6117603
 6118300
 6118997
 6119694
 6120391
 6121088
 6121785
 6122482
 6123179
 6123876
 6124573
 6125270
 6125967
 6126664
 6127361
 6128058
 6128755
 6129452
 6130149
 6130846
 6131543
 6132240
 6132937
 6133634
 6134331
 6135028
 6135725
 6136422
 6137119
 6137816
 6138513
 6139210
 6139907
 6140604
 6141301
 6141998
 6142695
 6143392
 6144089
 6144786
 6145483
 6146180
 6146877
 6147574
 6148271
 6148968
 6149665
 6150362
 6151059
 6151756
 6152453
 6153150
 6153847
 6154544
 6155241
 6155938
 6156635
 6157332
 6158029
 6158726
 6159423
 6160120
 6160817
 6161514
 6162211
 6162908
 6163605
 6164302
 6164999
 6165696
 6166393
 6167090
 6167787
 6168484
 6169181
 6169878
 6170575
 6171272
 6171969
 6172666
 6173363
 6174060
 6174757
 6175454
 6176151
 6176848
 6177545
 6178242
 6178939
 6179636
 6180333
 6181030
 6181727
 6182424
 6183121
 6183818
 6184515
 6185212
 6185909
 6186606
 6187303
 6188000
 6188697
 6189394
 6190091
 6190788
 6191485
 6192182
 6192879
 6193576
 6194273
 6194970
 6195667
 6196364
 6197061
 6197758
 6198455
 6199152
 6199849
 6200546
 6201243
 6201940
 6202637
 6203334
 6204031
 6204728
 6205425
 6206122
 6206819
 6207516
 6208213
 6208910
 6209607
 6210304
 6211001
 6211698
 6212395
 6213092
 6213789
 6214486
 6215183
 6215880
 6216577
 6217274
 6217971
 6218668
 6219365
 6220062
 6220759
 6221456
 6222153
 6222850
 6223547
 6224244
 6224941
 6225638
 6226335
 6227032
 6227729
 6228426
 6229123
 6229820
 6230517
 6231214
 6231911
 6232608
 6233305
 6234002
 6234699
 6235396
 6236093
 6236790
 6237487
 6238184
 6238881
 6239578
 6240275
 6240972
 6241669
 6242366
 6243063
 6243760
 6244457
 6245154
 6245851
 6246548
 6247245
 6247942
 6248639
 6249336
 6250033
 6250730
 6251427
 6252124
 6252821
 6253518
 6254215
 6254912
 6255609
 6256306
 6257003
 6257700
 6258397
 6259094
 6259791
 6260488
 6261185
 6261882
 6262579
 6263276
 6263973
 6264670
 6265367
 6266064
 6266761
 6267458
 6268155
 6268852
 6269549
 6270246
 6270943
 6271640
 6272337
 6273034
 6273731
 6274428
 6275125
 6275822
 6276519
 6277216
 6277913
 6278610
 6279307
 6280004
 6280701
 6281398
 6282095
 6282792
 6283489
 6284186
 6284883
 6285580
 6286277
 6286974
 6287671
 6288368
 6289065
 6289762
 6290459
 6291156
 6291853
 6292550
 6293247
 6293944
 6294641
 6295338
 6296035
 6296732
 6297429
 6298126
 6298823
 6299520
 6300217
 6300914
 6301611
 6302308
 6303005
 6303702
 6304399
 6305096
 6305793
 6306490
 6307187
 6307884
 6308581
 6309278
 6309975
 6310672
 6311369
 6312066
 6312763
 6313460
 6314157
 6314854
 6315551
 6316248
 6316945
 6317642
 6318339
 6319036
 6319733
 6320430
 6321127
 6321824
 6322521
 6323218
 6323915
 6324612
 6325309
 6326006
 6326703
 6327400
 6328097
 6328794
 6329491
 6330188
 6330885
 6331582
 6332279
 6332976
 6333673
 6334370
 6335067
 6335764
 6336461
 6337158
 6337855
 6338552
 6339249
 6339946
 6340643
 6341340
 6342037
 6342734
 6343431
 6344128
 6344825
 6345522
 6346219
 6346916
 6347613
 6348310
 6349007
 6349704
 6350401
 6351098
 6351795
 6352492
 6353189
 6353886
 6354583
 6355280
 6355977
 6356674
 6357371
 6358068
 6358765
 6359462
 6360159
 6360856
 6361553
 6362250
 6362947
 6363644
 6364341
 6365038
 6365735
 6366432
 6367129
 6367826
 6368523
 6369220
 6369917
 6370614
 6371311
 6372008
 6372705
 6373402
 6374099
 6374796
 6375493
 6376190
 6376887
 6377584
 6378281
 6378978
 6379675
 6380372
 6381069
 6381766
 6382463
 6383160
 6383857
 6384554
 6385251
 6385948
 6386645
 6387342
 6388039
 6388736
 6389433
 6390130
 6390827
 6391524
 6392221
 6392918
 6393615
 6394312
 6395009
 6395706
 6396403
 6397100
 6397797
 6398494
 6399191
 6399888
 6400585
 6401282
 6401979
 6402676
 6403373
 6404070
 6404767
 6405464
 6406161
 6406858
 6407555
 6408252
 6408949
 6409646
 6410343
 6411040
 6411737
 6412434
 6413131
 6413828
 6414525
 6415222
 6415919
 6416616
 6417313
 6418010
 6418707
 6419404
 6420101
 6420798
 6421495
 6422192
 6422889
 6423586
 6424283
 6424980
 6425677
 6426374
 6427071
 6427768
 6428465
 6429162
 6429859
 6430556
 6431253
 6431950
 6432647
 6433344
 6434041
 6434738
 6435435
 6436132
 6436829
 6437526
 6438223
 6438920
 6439617
 6440314
 6441011
 6441708
 6442405
 6443102
 6443799
 6444496
 6445193
 6445890
 6446587
 6447284
 6447981
 6448678
 6449375
 6450072
 6450769
 6451466
 6452163
 6452860
 6453557
(first) aoc2020.day13> 
aoc2020.day13> (first (part-2))
([0 17] [7 41] [17 643] [25 23] [30 13] [46 29] [48 433] [54 37] [67 19])
34
aoc2020.day13> (first (part-2))
([0 17] [7 41] [17 643] [25 23] [30 13] [46 29] [48 433] [54 37] [67 19])
Execution error (IllegalArgumentException) at aoc2020.day13/eval20499 (form-init17921214565278407585.clj:4992).
Don't know how to create ISeq from: java.lang.Long
aoc2020.day13> (first (part-2))
([0 17] [7 41] [17 643] [25 23] [30 13] [46 29] [48 433] [54 37] [67 19])
Execution error (IllegalArgumentException) at aoc2020.day13/eval20541 (form-init17921214565278407585.clj:4996).
Don't know how to create ISeq from: java.lang.Long
aoc2020.day13> (part-2)
([0 17] [7 41] [17 643] [25 23] [30 13] [46 29] [48 433] [54 37] [67 19])
34
aoc2020.day13> (part-2)
([0 17] [7 41] [17 643] [25 23] [30 13] [46 29] [48 433] [54 37] [67 19])
273258
aoc2020.day13> (part-2)
([0 17] [7 41] [17 643] [25 23] [30 13] [46 29] [48 433] [54 37] [67 19])
aoc2020.day13> (part-2)
273258
aoc2020.day13> 
aoc2020.day13> (part-2)
273258
aoc2020.day13> (mod 25 23)
2
aoc2020.day13> (part-2)
Execution error (ClassCastException) at aoc2020.day13/valid (day13.clj:27).
class java.lang.Boolean cannot be cast to class clojure.lang.IFn (java.lang.Boolean is in module java.base of loader 'bootstrap'; clojure.lang.IFn is in unnamed module of loader 'app')
aoc2020.day13> (part-2)
273258
aoc2020.day13> (part-2)
7443994
aoc2020.day13> (part-2)
aoc2020.day13> (part-2)
38367793
aoc2020.day13> (part-3)
Syntax error compiling at (aoc2020:localhost:58407(clj)*:5025:16).
Unable to resolve symbol: part-3 in this context
aoc2020.day13> (part-3)
Syntax error compiling at (aoc2020:localhost:58407(clj)*:5028:16).
Unable to resolve symbol: part-3 in this context
aoc2020.day13> (part-2)
38367793
aoc2020.day13> (part-2)
1512402212
aoc2020.day13> (part-2)
aoc2020.day13> (part-2)
88717
aoc2020.day13> (part-2)
aoc2020.day13> (part-2)
([30 13] [0 17])
-17
aoc2020.day13> (part-2)
([30 13] [0 17])
204
aoc2020.day13> (busid 13 30 43)
Syntax error compiling at (aoc2020:localhost:58407(clj)*:5045:16).
Unable to resolve symbol: busid in this context
aoc2020.day13> (valid 13 30 43)
false
aoc2020.day13> (valid 13 13 26)
true
aoc2020.day13> (valid 13 14 26)
false
aoc2020.day13> (valid 13 14 27)
false
aoc2020.day13> (valid 13 14 25)
true
aoc2020.day13> (valid 13 14 27)
true
aoc2020.day13> (valid 13 0 0)
true
aoc2020.day13> (valid 13 0 13)
true
aoc2020.day13> (valid 13 0 26)
true
aoc2020.day13> (valid 13 0 26)
false
aoc2020.day13> (valid 13 0 26)
true
aoc2020.day13> (valid 13 1 12)
true
aoc2020.day13> (valid 13 1 25)
true
aoc2020.day13> (part-2)
([30 13] [0 17])
17
aoc2020.day13> (part-2)
([30 13] [0 17] [67 19])
238
aoc2020.day13> (part-2)
([30 13] [0 17] [67 19] [25 23] [46 29] [54 37] [7 41] [48 433] [17 643])
aoc2020.day13> (part-2)
([0 7] [1 13] [7 19] [6 31] [4 59])
1068781
aoc2020.day13> (part-2)
([1 7] [2 59] [3 61] [0 67])
754018
aoc2020.day13> (part-2)
([30 13] [0 17] [67 19] [25 23] [46 29] [54 37] [7 41] [48 433] [17 643])
aoc2020.day13> (part-2)
([17 643] [48 433] [7 41] [54 37] [46 29] [25 23] [67 19] [0 17] [30 13])
aoc2020.day13> (part-2)
([0 17] [30 13])
17
aoc2020.day13> (part-2)
([67 19] [0 17] [30 13])
238
aoc2020.day13> (part-2)
([25 23] [67 19] [0 17] [30 13])
80019
aoc2020.day13> (part-2)
([46 29] [25 23] [67 19] [0 17] [30 13])

aoc2020.day13> (part-2)
([54 37] [46 29] [25 23] [67 19] [0 17] [30 13])

aoc2020.day13> (part-2)
([7 41] [54 37] [46 29] [25 23] [67 19] [0 17] [30 13])
aoc2020.day13> (part-2)
([7 41] [54 37] [46 29] [25 23] [67 19] [0 17] [30 13])
aoc2020.day13> (part-2)
([54 37] [46 29] [25 23] [67 19] [0 17] [30 13])
nilaoc2020.day13> (part-2)
([46 29] [25 23] [67 19] [0 17] [30 13])
2204713
aoc2020.day13> (range 2)
(0 1)
aoc2020.day13> (part-2)
9
nil
aoc2020.day13> (part-2)
([30 13] [0 17] [67 19] [25 23] [46 29] [54 37])
80625237
aoc2020.day13> (part-2)
([30 13] [0 17] [67 19] [25 23] [46 29] [54 37] [7 41] [48 433] [17 643])
aoc2020.day13> (part-2)
([2 7] [3 59] [4 61] [0 67])
4155072
aoc2020.day13> (part-2)
([2 7] [3 59] [4 61] [0 67])
779210
aoc2020.day13> (part-2)
([0 67] [4 61] [3 59] [2 7])
779210
aoc2020.day13> (part-2)
([0 67] [4 61] [3 59] [1 7])
1261476
aoc2020.day13> (part-2)
([3 13] [2 11] [1 7] [0 5])
790
aoc2020.day13> (part-2)
([4 17] [3 13] [2 11] [1 7] [0 5])
40830
aoc2020.day13> (part-2)
([3 4] [2 3] [1 2] [0 1])
1
aoc2020.day13> (part-2)
([3 5] [2 3] [1 2] [0 1])
7
aoc2020.day13> (part-2)
([4 7] [3 5] [2 3] [1 2] [0 1])
157
aoc2020.day13> (part-2)
([4 8] [3 5] [2 3] [1 2] [0 1])
aoc2020.day13> (part-2)
([4 6] [3 5] [2 3] [1 2] [0 1])
aoc2020.day13> (part-2)
([3 7] [2 5] [1 3] [0 2])
158
aoc2020.day13> (part-2)
([2 5] [1 3] [0 2])
8
aoc2020.day13> (part-2)
([2 7] [1 3] [0 2])
26
aoc2020.day13> (part-2)
([2 8] [1 3] [0 2])
14
aoc2020.day13> (part-2)
([2 4] [1 3] [0 2])
2
aoc2020.day13> (part-2)
([2 8] [1 3] [0 2])
14
aoc2020.day13> (part-2)
([3 9] [2 8] [1 3] [0 2])
aoc2020.day13> (part-2)
([3 11] [2 8] [1 3] [0 2])
206
aoc2020.day13> (part-2)
([17 643] [48 433])
88717
aoc2020.day13> (part-2)
([17 643] [48 433] [7 41])
88717
aoc2020.day13> (part-2)
([17 643] [48 433] [7 41] [54 37])
22919075
aoc2020.day13> (valid 17 0 17)
true
aoc2020.day13> (valid 17 0 17)
false
aoc2020.day13> (valid 17 0 17)
false
aoc2020.day13> (part-2)
([17 643] [48 433] [7 41] [54 37] [46 29] [25 23] [67 19] [0 17] [30 13])
Syntax error compiling at (day13.clj:35:18).
Unable to resolve symbol: busid in this context
aoc2020.day13> (take 2 (generate-times [17 643]))
(-17 626)
aoc2020.day13> (take 5 (generate-times [17 643]))
(-17 626 1269 1912 2555)
aoc2020.day13> (part-2)
([17 643])
((-17 626 1269 1912 2555 3198 3841 4484 5127 5770))
aoc2020.day13> (part-2)
([17 643] [48 433])
((-17 626 1269 1912 2555 3198 3841 4484 5127 5770)
 (-48 385 818 1251 1684 2117 2550 2983 3416 3849))
aoc2020.day13> (part-2)
([17 643] [48 433] [7 41] [54 37] [46 29] [25 23] [67 19] [0 17] [30 13])
((-17 626 1269 1912 2555 3198 3841 4484 5127 5770)
 (-48 385 818 1251 1684 2117 2550 2983 3416 3849)
 (-7 34 75 116 157 198 239 280 321 362)
 (-54 -17 20 57 94 131 168 205 242 279)
 (-46 -17 12 41 70 99 128 157 186 215)
 (-25 -2 21 44 67 90 113 136 159 182)
 (-67 -48 -29 -10 9 28 47 66 85 104)
 (0 17 34 51 68 85 102 119 136 153)
 (-30 -17 -4 9 22 35 48 61 74 87))
aoc2020.day13> (part-2)
-67 0
nil
aoc2020.day13> (part-2)
-48 -17
nilSyntax error compiling at (day13.clj:81:38).
Unable to resolve symbol: mx in this context
Syntax error macroexpanding clojure.core/let at (day13.clj:62:3).
[d (data) bus-data (second d) q buses (->> (s/split bus-data #",") (keep-indexed (fn [idx busid] (when (not= busid "x") [idx (toInt busid)]))) (sort-by second) reverse (take 2))] - failed: even-number-of-forms? at: [:bindings] spec: :clojure.core.specs.alpha/bindings
Syntax error compiling at (day13.clj:80:38).
Unable to resolve symbol: mxx in this context

aoc2020.day13> (part-2)
Error printing return value (ArityException) at clojure.lang.AFn/throwArity (AFn.java:429).
Wrong number of args (1) passed to: aoc2020.day13/part-2/fn--24733
aoc2020.day13> (part-2)
(() ())
aoc2020.day13> (part-2)
-48 -17
(() ())
aoc2020.day13> (part-2)
((17 643) (48 433))
-48 -17
(() ())
aoc2020.day13> (part-2)
((-17 626 1269 1912 2555 3198 3841 4484 5127 5770) (-48 385 818 1251 1684 2117 2550 2983 3416 3849))
-48 -17
((-17 626 1269 1912 2555 3198 3841 4484 5127 5770)
 (-48 385 818 1251 1684 2117 2550 2983 3416 3849))
aoc2020.day13> (part-2)
((-17 626 1269 1912 2555 3198 3841 4484 5127 5770) (-48 385 818 1251 1684 2117 2550 2983 3416 3849))
-48 -17
((-17 626 1269 1912 2555 3198 3841 4484 5127 5770)
 (-48 385 818 1251 1684 2117 2550 2983 3416 3849))
aoc2020.day13> (part-2)
((-17 626 1269 1912 2555 3198 3841 4484 5127 5770) (-48 385 818 1251 1684 2117 2550 2983 3416 3849))
-48 -17
((-17 626 1269 1912 2555 3198 3841 4484 5127 5770)
 (-48 385 818 1251 1684 2117 2550 2983 3416 3849))
aoc2020.day13> (part-2)
((-17 626 1269 1912 2555 3198 3841 4484 5127 5770) (-48 385 818 1251 1684 2117 2550 2983 3416 3849))
-48 -17
((-17 626 1269 1912 2555 3198 3841 4484 5127 5770)
 (385 818 1251 1684 2117 2550 2983 3416 3849 4282))
aoc2020.day13> (part-2)
Execution error (NullPointerException) at aoc2020.day13/part-2 (day13.clj:76).
null
aoc2020.day13> (part-2)
88717
aoc2020.day13> (part-2)
285468192
aoc2020.day13> (time (part-2))
([17 643] [48 433] [7 41] [54 37])
"Elapsed time: 13050.5684 msecs"
22919075
aoc2020.day13> (time (part-2-b))
"Elapsed time: 8268.092 msecs"
285468192
aoc2020.day13> (time (part-2-b))
"Elapsed time: 126.7085 msecs"
779210
aoc2020.day13> (time (part-2-b))
"Elapsed time: 2.5801 msecs"
3417
aoc2020.day13> (time (part-2-b))
"Elapsed time: 207.4577 msecs"
1261476
aoc2020.day13> (time (part-2-b))
"Elapsed time: 205.6875 msecs"
1261476
aoc2020.day13> (time (part-2-b))
"Elapsed time: 122.6719 msecs"
754018
aoc2020.day13> (time (part-2-b))
"Elapsed time: 205.0497 msecs"
1261476
aoc2020.day13> (time (part-2-b))
"Elapsed time: 128.5349 msecs"
779210
aoc2020.day13> (time (part-2-b))
"Elapsed time: 8287.1478 msecs"
285468192
aoc2020.day13> (time (part-2-b))
"Elapsed time: 7651.0982 msecs"
285468192
aoc2020.day13> (time (part-2-b))
aoc2020.day13> (time (part-2-b))
aoc2020.day13> (time (part-2-b))
"Elapsed time: 7760.4233 msecs"
285468192
aoc2020.day13> (time (part-2-b))
"Elapsed time: 9884.791 msecs"
285468192Syntax error compiling at (day13.clj:39:17).
Unable to resolve symbol: % in this context

aoc2020.day13> (time (part-2-b))
"Elapsed time: 4939.4353 msecs"
285468192
aoc2020.day13> (time (part-2-b))
"Elapsed time: 138203.0779 msecs"

aoc2020.day13> (min 15 5776169291)
15
aoc2020.day13> (max 15 5776169291)
5776169291
aoc2020.day13> (time (part-2-b))
aoc2020.day13> (time (part-2-b))
"Elapsed time: 1.8053 msecs"

aoc2020.day13> (time (part-2-b))
"Elapsed time: 0.9223 msecs"
88717
aoc2020.day13> (time (part-2-b))
aoc2020.day13> (time (part-2-b))
aoc2020.day13> (time (part-2-b))
aoc2020.day13> (time (part-2-b))
aoc2020.day13> (time (part-2-b))
"Elapsed time: 284.7567 msecs"
1068781
aoc2020.day13> (time (part-2-b))
"Elapsed time: 0.8464 msecs"
8
aoc2020.day13> (time (part-2-b))
"Elapsed time: 0.7219 msecs"
2
aoc2020.day13> (time (part-2-b))
"Elapsed time: 0.8785 msecs"
8
aoc2020.day13> (time (part-2-b))
"Elapsed time: 2.6928 msecs"
1735
aoc2020.day13> (time (part-2-b))
"Elapsed time: 0.8901 msecs"
20
aoc2020.day13> (time (part-2-b))
"Elapsed time: 1.1969 msecs"
195
aoc2020.day13> (time (part-2-b))
"Elapsed time: 1.2349 msecs"
370
aoc2020.day13> (time (part-2-b))
"Elapsed time: 1.0398 msecs"
160
aoc2020.day13> (time (part-2-b))
"Elapsed time: 1.1032 msecs"
20
aoc2020.day13> (time (part-2-b))
"Elapsed time: 0.9092 msecs"
20
aoc2020.day13> (time (part-2-b))
"Elapsed time: 0.9251 msecs"
30
aoc2020.day13> (time (part-2-b))
"Elapsed time: 1.1242 msecs"
195
aoc2020.day13> (time (part-2-b))
"5,7,x,11"
"Elapsed time: 1.332 msecs"
195
aoc2020.day13> (time (part-2-b))
"5,x,x,11"
"Elapsed time: 1.1667 msecs"
30
aoc2020.day13> (time (part-2-b))
"5,7"
"Elapsed time: 1.1486 msecs"
20
aoc2020.day13> (time (part-2-b))
"5,7,11"
"Elapsed time: 1.1828 msecs"
20
aoc2020.day13> (time (part-2-b))
"5,7,11,13"
"Elapsed time: 1.9942 msecs"
790
aoc2020.day13> (time (part-2-b))
"5,7"
"Elapsed time: 1.3309 msecs"
20
aoc2020.day13> (time (part-2-b))
"5,7,11"
"Elapsed time: 1.2063 msecs"
20
aoc2020.day13> (time (part-2-b))
"5,7,13"
"Elapsed time: 1.5672 msecs"
440
aoc2020.day13> (time (part-2-b))
"5,7,x,11"
"Elapsed time: 1.4001 msecs"
195
aoc2020.day13> (time (part-2-b))
"5,x,7"
"Elapsed time: 1.0676 msecs"
5
aoc2020.day13> (time (part-2-b))
"5,x,7,11"
"Elapsed time: 1.4431 msecs"
250
aoc2020.day13> (time (part-2-b))
"35,x,x,11"
"Elapsed time: 1.2471 msecs"
140
aoc2020.day13> (time (part-2-b))
"x,x,35,11"
"Elapsed time: 1.261 msecs"
173
aoc2020.day13> (time (part-2-b))
"x,35,x,11"
"Elapsed time: 1.2951 msecs"
349
aoc2020.day13> (time (part-2-b))
"5,x,7,11"
"Elapsed time: 1.4749 msecs"
250
aoc2020.day13> (take 5 (generate-times [[0 35]]))
Execution error (NullPointerException) at aoc2020.day13/generate-times (day13.clj:34).
null
aoc2020.day13> (take 5 (generate-times [[35 0]]))
Execution error (NullPointerException) at aoc2020.day13/generate-times (day13.clj:34).
null
aoc2020.day13> (take 5 (generate-times [0 35]))